# relative_time, cycles_done, cur_item, corpus_count, pending_total, pending_favs, map_size, saved_crashes, saved_hangs, max_depth, execs_per_sec, total_execs, edges_found
61, 6, 0, 1, 0, 0, 0.00%, 1, 0, 1, 135.36, 8765, 14
66, 7, 0, 1, 0, 0, 0.00%, 1, 0, 1, 140.55, 9508, 14
71, 7, 0, 1, 0, 0, 0.00%, 1, 0, 1, 141.46, 10228, 14
76, 8, 0, 1, 0, 0, 0.00%, 1, 0, 1, 131.57, 10889, 14
81, 8, 0, 1, 0, 0, 0.00%, 1, 0, 1, 139.09, 11617, 14
87, 9, 0, 1, 0, 0, 0.00%, 1, 0, 1, 142.23, 12354, 14
92, 9, 0, 1, 0, 0, 0.00%, 1, 0, 1, 153.98, 13186, 14
97, 10, 0, 1, 0, 0, 0.00%, 1, 0, 1, 162.08, 13984, 14
102, 11, 0, 1, 0, 0, 0.00%, 1, 0, 1, 177.44, 14935, 14
107, 11, 0, 1, 0, 0, 0.00%, 1, 0, 1, 180.20, 15865, 14
112, 12, 0, 1, 0, 0, 0.00%, 1, 0, 1, 93.87, 16258, 14
118, 12, 0, 1, 0, 0, 0.00%, 1, 0, 1, 87.43, 16661, 14
123, 12, 0, 1, 0, 0, 0.00%, 1, 0, 1, 137.07, 17413, 14
128, 13, 0, 1, 0, 0, 0.00%, 1, 0, 1, 146.23, 18157, 14
133, 13, 0, 1, 0, 0, 0.00%, 1, 0, 1, 119.85, 18756, 14
138, 14, 0, 1, 0, 0, 0.00%, 1, 0, 1, 133.13, 19430, 14
143, 14, 0, 1, 0, 0, 0.00%, 1, 0, 1, 121.10, 20053, 14
148, 15, 0, 1, 0, 0, 0.00%, 1, 0, 1, 145.37, 20815, 14
154, 15, 0, 1, 0, 0, 0.00%, 1, 0, 1, 135.44, 21506, 14
159, 16, 0, 1, 0, 0, 0.00%, 1, 0, 1, 141.99, 22224, 14
164, 17, 0, 1, 0, 0, 0.00%, 1, 0, 1, 152.82, 23062, 14
169, 17, 0, 1, 0, 0, 0.00%, 1, 0, 1, 151.15, 23863, 14
174, 18, 0, 1, 0, 0, 0.00%, 1, 0, 1, 133.67, 24577, 14
179, 18, 0, 1, 0, 0, 0.00%, 1, 0, 1, 131.54, 25248, 14
184, 19, 0, 1, 0, 0, 0.00%, 1, 0, 1, 115.26, 25810, 14
189, 19, 0, 1, 0, 0, 0.00%, 1, 0, 1, 147.69, 26611, 14
195, 20, 0, 1, 0, 0, 0.00%, 1, 0, 1, 147.80, 27393, 14
200, 20, 0, 1, 0, 0, 0.00%, 1, 0, 1, 162.18, 28249, 14
205, 21, 0, 1, 0, 0, 0.00%, 1, 0, 1, 168.17, 29152, 14
210, 22, 0, 1, 0, 0, 0.00%, 1, 0, 1, 177.51, 30055, 14
215, 22, 0, 1, 0, 0, 0.00%, 1, 0, 1, 173.38, 30934, 14
221, 23, 0, 1, 0, 0, 0.00%, 1, 0, 1, 161.41, 31771, 14
226, 23, 0, 1, 0, 0, 0.00%, 1, 0, 1, 151.74, 32554, 14
231, 24, 0, 1, 0, 0, 0.00%, 1, 0, 1, 155.03, 33388, 14
236, 25, 0, 1, 0, 0, 0.00%, 1, 0, 1, 137.12, 34052, 14
241, 25, 0, 1, 0, 0, 0.00%, 1, 0, 1, 168.33, 34927, 14
246, 26, 0, 1, 0, 0, 0.00%, 1, 0, 1, 187.30, 35893, 14
252, 27, 0, 1, 0, 0, 0.00%, 1, 0, 1, 165.54, 36760, 14
257, 27, 0, 1, 0, 0, 0.00%, 1, 0, 1, 177.15, 37675, 14
262, 28, 0, 1, 0, 0, 0.00%, 1, 0, 1, 187.07, 38662, 14
267, 29, 0, 1, 0, 0, 0.00%, 1, 0, 1, 168.88, 39511, 14
272, 29, 0, 1, 0, 0, 0.00%, 1, 0, 1, 162.38, 40369, 14
278, 30, 0, 1, 0, 0, 0.00%, 1, 0, 1, 161.05, 41200, 14
283, 30, 0, 1, 0, 0, 0.00%, 1, 0, 1, 172.33, 42130, 14
288, 31, 0, 1, 0, 0, 0.00%, 1, 0, 1, 165.31, 43003, 14
293, 32, 0, 1, 0, 0, 0.00%, 1, 0, 1, 169.40, 43861, 14
298, 32, 0, 1, 0, 0, 0.00%, 1, 0, 1, 179.80, 44782, 14
303, 33, 0, 1, 0, 0, 0.00%, 1, 0, 1, 189.74, 45769, 14
309, 34, 0, 1, 0, 0, 0.00%, 1, 0, 1, 189.70, 46747, 14
314, 34, 0, 1, 0, 0, 0.00%, 1, 0, 1, 171.36, 47644, 14
319, 35, 0, 1, 0, 0, 0.00%, 1, 0, 1, 199.37, 48706, 14
324, 36, 0, 1, 0, 0, 0.00%, 1, 0, 1, 178.24, 49561, 14
329, 37, 0, 1, 0, 0, 0.00%, 1, 0, 1, 189.45, 50548, 14
334, 37, 0, 1, 0, 0, 0.00%, 1, 0, 1, 182.68, 51502, 14
340, 38, 0, 1, 0, 0, 0.00%, 1, 0, 1, 161.09, 52297, 14
345, 38, 0, 1, 0, 0, 0.00%, 1, 0, 1, 166.08, 53152, 14
350, 39, 0, 1, 0, 0, 0.00%, 1, 0, 1, 181.52, 54109, 14
355, 40, 0, 1, 0, 0, 0.00%, 1, 0, 1, 176.76, 55003, 14
360, 40, 0, 1, 0, 0, 0.00%, 1, 0, 1, 164.12, 55846, 14
365, 41, 0, 1, 0, 0, 0.00%, 1, 0, 1, 157.41, 56638, 14
370, 42, 0, 1, 0, 0, 0.00%, 1, 0, 1, 183.54, 57634, 14
375, 42, 0, 1, 0, 0, 0.00%, 1, 0, 1, 162.28, 58417, 14
381, 43, 0, 1, 0, 0, 0.00%, 1, 0, 1, 155.58, 59224, 14
386, 43, 0, 1, 0, 0, 0.00%, 1, 0, 1, 162.51, 60031, 14
391, 44, 0, 1, 0, 0, 0.00%, 1, 0, 1, 173.42, 60925, 14
396, 45, 0, 1, 0, 0, 0.00%, 1, 0, 1, 189.70, 61921, 14
401, 46, 0, 1, 0, 0, 0.00%, 1, 0, 1, 197.11, 62959, 14
406, 46, 0, 1, 0, 0, 0.00%, 1, 0, 1, 179.84, 63862, 14
411, 47, 0, 1, 0, 0, 0.00%, 1, 0, 1, 161.97, 64669, 14
416, 47, 0, 1, 0, 0, 0.00%, 1, 0, 1, 174.85, 65548, 14
421, 48, 0, 1, 0, 0, 0.00%, 1, 0, 1, 198.34, 66604, 14
427, 49, 0, 1, 0, 0, 0.00%, 1, 0, 1, 194.19, 67639, 14
432, 50, 0, 1, 0, 0, 0.00%, 1, 0, 1, 194.19, 68635, 14
437, 50, 0, 1, 0, 0, 0.00%, 1, 0, 1, 188.28, 69574, 14
442, 51, 0, 1, 0, 0, 0.00%, 1, 0, 1, 191.72, 70576, 14
447, 52, 0, 1, 0, 0, 0.00%, 1, 0, 1, 165.90, 71419, 14
452, 52, 0, 1, 0, 0, 0.00%, 1, 0, 1, 179.91, 72337, 14
458, 53, 0, 1, 0, 0, 0.00%, 1, 0, 1, 204.73, 73415, 14
463, 54, 0, 1, 0, 0, 0.00%, 1, 0, 1, 201.13, 74448, 14
468, 55, 0, 1, 0, 0, 0.00%, 1, 0, 1, 179.41, 75319, 14
473, 55, 0, 1, 0, 0, 0.00%, 1, 0, 1, 169.40, 76162, 14
478, 56, 0, 1, 0, 0, 0.00%, 1, 0, 1, 179.31, 77050, 14
483, 57, 0, 1, 0, 0, 0.00%, 1, 0, 1, 214.74, 78208, 14
488, 57, 0, 1, 0, 0, 0.00%, 1, 0, 1, 215.82, 79322, 14
493, 58, 0, 1, 0, 0, 0.00%, 1, 0, 1, 214.25, 80407, 14
498, 59, 0, 1, 0, 0, 0.00%, 1, 0, 1, 217.70, 81541, 14
503, 60, 0, 1, 0, 0, 0.00%, 1, 0, 1, 211.19, 82619, 14
508, 61, 0, 1, 0, 0, 0.00%, 1, 0, 1, 216.61, 83716, 14
513, 61, 0, 1, 0, 0, 0.00%, 1, 0, 1, 198.30, 84706, 14
518, 62, 0, 1, 0, 0, 0.00%, 1, 0, 1, 196.96, 85690, 14
524, 63, 0, 1, 0, 0, 0.00%, 1, 0, 1, 173.79, 86590, 14
529, 63, 0, 1, 0, 0, 0.00%, 1, 0, 1, 194.47, 87565, 14
534, 64, 0, 1, 0, 0, 0.00%, 1, 0, 1, 189.23, 88585, 14
539, 65, 0, 1, 0, 0, 0.00%, 1, 0, 1, 209.29, 89647, 14
544, 66, 0, 1, 0, 0, 0.00%, 1, 0, 1, 217.69, 90789, 14
549, 66, 0, 1, 0, 0, 0.00%, 1, 0, 1, 177.48, 91633, 14
554, 67, 0, 1, 0, 0, 0.00%, 1, 0, 1, 167.76, 92470, 14
559, 68, 0, 1, 0, 0, 0.00%, 1, 0, 1, 165.80, 93304, 14
564, 68, 0, 1, 0, 0, 0.00%, 1, 0, 1, 160.10, 94114, 14
569, 69, 0, 1, 0, 0, 0.00%, 1, 0, 1, 168.57, 94984, 14
574, 69, 0, 1, 0, 0, 0.00%, 1, 0, 1, 164.67, 95815, 14
580, 70, 0, 1, 0, 0, 0.00%, 1, 0, 1, 168.27, 96697, 14
585, 71, 0, 1, 0, 0, 0.00%, 1, 0, 1, 163.26, 97549, 14
590, 71, 0, 1, 0, 0, 0.00%, 1, 0, 1, 160.47, 98323, 14
595, 72, 0, 1, 0, 0, 0.00%, 1, 0, 1, 164.55, 99157, 14
600, 72, 0, 1, 0, 0, 0.00%, 1, 0, 1, 166.00, 100021, 14
605, 73, 0, 1, 0, 0, 0.00%, 1, 0, 1, 160.13, 100843, 14
610, 74, 0, 1, 0, 0, 0.00%, 1, 0, 1, 166.22, 101692, 14
616, 74, 0, 1, 0, 0, 0.00%, 1, 0, 1, 192.29, 102736, 14
621, 75, 0, 1, 0, 0, 0.00%, 1, 0, 1, 203.36, 103796, 14
626, 76, 0, 1, 0, 0, 0.00%, 1, 0, 1, 202.57, 104818, 14
631, 77, 0, 1, 0, 0, 0.00%, 1, 0, 1, 201.59, 105844, 14
636, 77, 0, 1, 0, 0, 0.00%, 1, 0, 1, 192.72, 106840, 14
641, 78, 0, 1, 0, 0, 0.00%, 1, 0, 1, 187.32, 107770, 14
646, 79, 0, 1, 0, 0, 0.00%, 1, 0, 1, 190.21, 108757, 14
651, 80, 0, 1, 0, 0, 0.00%, 1, 0, 1, 208.89, 109835, 14
656, 80, 0, 1, 0, 0, 0.00%, 1, 0, 1, 210.15, 110905, 14
662, 81, 0, 1, 0, 0, 0.00%, 1, 0, 1, 190.88, 111889, 14
667, 82, 0, 1, 0, 0, 0.00%, 1, 0, 1, 169.36, 112741, 14
672, 82, 0, 1, 0, 0, 0.00%, 1, 0, 1, 160.37, 113530, 14
677, 83, 0, 1, 0, 0, 0.00%, 1, 0, 1, 161.24, 114337, 14
682, 83, 0, 1, 0, 0, 0.00%, 1, 0, 1, 153.30, 115105, 14
687, 84, 0, 1, 0, 0, 0.00%, 1, 0, 1, 153.08, 115876, 14
692, 85, 0, 1, 0, 0, 0.00%, 1, 0, 1, 165.14, 116731, 14
697, 85, 0, 1, 0, 0, 0.00%, 1, 0, 1, 197.83, 117796, 14
702, 86, 0, 1, 0, 0, 0.00%, 1, 0, 1, 176.05, 118720, 14
708, 87, 0, 1, 0, 0, 0.00%, 1, 0, 1, 166.48, 119569, 14
713, 87, 0, 1, 0, 0, 0.00%, 1, 0, 1, 162.91, 120385, 14
718, 88, 0, 1, 0, 0, 0.00%, 1, 0, 1, 145.69, 121081, 14
723, 88, 0, 1, 0, 0, 0.00%, 1, 0, 1, 140.79, 121815, 14
728, 89, 0, 1, 0, 0, 0.00%, 1, 0, 1, 131.56, 122462, 14
733, 89, 0, 1, 0, 0, 0.00%, 1, 0, 1, 141.92, 123196, 14
738, 90, 0, 1, 0, 0, 0.00%, 1, 0, 1, 144.84, 123917, 14
743, 90, 0, 1, 0, 0, 0.00%, 1, 0, 1, 146.40, 124727, 14
748, 91, 0, 1, 0, 0, 0.00%, 1, 0, 1, 143.95, 125463, 14
753, 91, 0, 1, 0, 0, 0.00%, 1, 0, 1, 144.65, 126194, 14
759, 92, 0, 1, 0, 0, 0.00%, 1, 0, 1, 155.97, 126997, 14
764, 93, 0, 1, 0, 0, 0.00%, 1, 0, 1, 153.92, 127789, 14
769, 93, 0, 1, 0, 0, 0.00%, 1, 0, 1, 160.69, 128596, 14
774, 94, 0, 1, 0, 0, 0.00%, 1, 0, 1, 160.54, 129391, 14
779, 94, 0, 1, 0, 0, 0.00%, 1, 0, 1, 163.01, 130204, 14
784, 95, 0, 1, 0, 0, 0.00%, 1, 0, 1, 162.65, 131071, 14
789, 96, 0, 1, 0, 0, 0.00%, 1, 0, 1, 161.22, 131875, 14
794, 96, 0, 1, 0, 0, 0.00%, 1, 0, 1, 158.75, 132676, 14
799, 97, 0, 1, 0, 0, 0.00%, 1, 0, 1, 162.51, 133537, 14
804, 97, 0, 1, 0, 0, 0.00%, 1, 0, 1, 183.14, 134494, 14
810, 98, 0, 1, 0, 0, 0.00%, 1, 0, 1, 189.93, 135466, 14
815, 99, 0, 1, 0, 0, 0.00%, 1, 0, 1, 201.43, 136517, 14
820, 100, 0, 1, 0, 0, 0.00%, 1, 0, 1, 204.56, 137543, 14
825, 100, 0, 1, 0, 0, 0.00%, 1, 0, 1, 195.97, 138520, 14
830, 101, 0, 1, 0, 0, 0.00%, 1, 0, 1, 210.08, 139622, 14
835, 102, 0, 1, 0, 0, 0.00%, 1, 0, 1, 211.67, 140680, 14
840, 103, 0, 1, 0, 0, 0.00%, 1, 0, 1, 170.53, 141514, 14
845, 103, 0, 1, 0, 0, 0.00%, 1, 0, 1, 158.04, 142312, 14
850, 104, 0, 1, 0, 0, 0.00%, 1, 0, 1, 159.00, 143119, 14
855, 104, 0, 1, 0, 0, 0.00%, 1, 0, 1, 158.32, 143929, 14
861, 105, 0, 1, 0, 0, 0.00%, 1, 0, 1, 162.24, 144769, 14
866, 106, 0, 1, 0, 0, 0.00%, 1, 0, 1, 169.05, 145627, 14
871, 106, 0, 1, 0, 0, 0.00%, 1, 0, 1, 171.65, 146473, 14
876, 107, 0, 1, 0, 0, 0.00%, 1, 0, 1, 156.34, 147277, 14
881, 107, 0, 1, 0, 0, 0.00%, 1, 0, 1, 174.54, 148174, 14
886, 108, 0, 1, 0, 0, 0.00%, 1, 0, 1, 186.75, 149167, 14
891, 109, 0, 1, 0, 0, 0.00%, 1, 0, 1, 165.20, 149965, 14
896, 109, 0, 1, 0, 0, 0.00%, 1, 0, 1, 197.26, 151000, 14
901, 110, 0, 1, 0, 0, 0.00%, 1, 0, 1, 219.60, 152119, 14
906, 111, 0, 1, 0, 0, 0.00%, 1, 0, 1, 174.99, 152953, 14
911, 112, 0, 1, 0, 0, 0.00%, 1, 0, 1, 172.20, 153805, 14
916, 112, 0, 1, 0, 0, 0.00%, 1, 0, 1, 162.86, 154624, 14
922, 113, 0, 1, 0, 0, 0.00%, 1, 0, 1, 162.73, 155476, 14
927, 113, 0, 1, 0, 0, 0.00%, 1, 0, 1, 162.48, 156268, 14
932, 114, 0, 1, 0, 0, 0.00%, 1, 0, 1, 167.90, 157093, 14
937, 114, 0, 1, 0, 0, 0.00%, 1, 0, 1, 154.60, 157867, 14
942, 115, 0, 1, 0, 0, 0.00%, 1, 0, 1, 146.12, 158599, 14
947, 116, 0, 1, 0, 0, 0.00%, 1, 0, 1, 160.92, 159442, 14
952, 116, 0, 1, 0, 0, 0.00%, 1, 0, 1, 167.55, 160321, 14
957, 117, 0, 1, 0, 0, 0.00%, 1, 0, 1, 172.66, 161176, 14
962, 118, 0, 1, 0, 0, 0.00%, 1, 0, 1, 173.43, 162082, 14
967, 118, 0, 1, 0, 0, 0.00%, 1, 0, 1, 172.21, 162955, 14
973, 119, 0, 1, 0, 0, 0.00%, 1, 0, 1, 175.46, 163837, 14
978, 119, 0, 1, 0, 0, 0.00%, 1, 0, 1, 172.90, 164695, 14
983, 120, 0, 1, 0, 0, 0.00%, 1, 0, 1, 180.28, 165634, 14
988, 121, 0, 1, 0, 0, 0.00%, 1, 0, 1, 177.52, 166558, 14
993, 121, 0, 1, 0, 0, 0.00%, 1, 0, 1, 152.17, 167308, 14
998, 122, 0, 1, 0, 0, 0.00%, 1, 0, 1, 168.59, 168151, 14
1003, 122, 0, 1, 0, 0, 0.00%, 1, 0, 1, 147.93, 168913, 14
1008, 123, 0, 1, 0, 0, 0.00%, 1, 0, 1, 161.52, 169756, 14
1014, 124, 0, 1, 0, 0, 0.00%, 1, 0, 1, 162.36, 170566, 14
1019, 124, 0, 1, 0, 0, 0.00%, 1, 0, 1, 164.27, 171406, 14
1024, 125, 0, 1, 0, 0, 0.00%, 1, 0, 1, 162.14, 172213, 14
1029, 125, 0, 1, 0, 0, 0.00%, 1, 0, 1, 127.04, 172816, 14
1034, 126, 0, 1, 0, 0, 0.00%, 1, 0, 1, 136.75, 173513, 14
1039, 126, 0, 1, 0, 0, 0.00%, 1, 0, 1, 137.55, 174223, 14
1044, 127, 0, 1, 0, 0, 0.00%, 1, 0, 1, 135.19, 174907, 14
1049, 127, 0, 1, 0, 0, 0.00%, 1, 0, 1, 150.52, 175668, 14
1054, 128, 0, 1, 0, 0, 0.00%, 1, 0, 1, 151.45, 176425, 14
1060, 129, 0, 1, 0, 0, 0.00%, 1, 0, 1, 163.89, 177322, 14
1065, 129, 0, 1, 0, 0, 0.00%, 1, 0, 1, 166.85, 178210, 14
1070, 130, 0, 1, 0, 0, 0.00%, 1, 0, 1, 157.66, 178999, 14
1075, 130, 0, 1, 0, 0, 0.00%, 1, 0, 1, 157.01, 179788, 14
1080, 131, 0, 1, 0, 0, 0.00%, 1, 0, 1, 167.61, 180643, 14
1085, 132, 0, 1, 0, 0, 0.00%, 1, 0, 1, 165.69, 181468, 14
1091, 132, 0, 1, 0, 0, 0.00%, 1, 0, 1, 154.33, 182281, 14
1096, 133, 0, 1, 0, 0, 0.00%, 1, 0, 1, 154.55, 183052, 14
1101, 133, 0, 1, 0, 0, 0.00%, 1, 0, 1, 159.38, 183877, 14
1106, 134, 0, 1, 0, 0, 0.00%, 1, 0, 1, 170.68, 184747, 14
1111, 135, 0, 1, 0, 0, 0.00%, 1, 0, 1, 161.81, 185593, 14
1116, 135, 0, 1, 0, 0, 0.00%, 1, 0, 1, 179.45, 186496, 14
1121, 136, 0, 1, 0, 0, 0.00%, 1, 0, 1, 173.09, 187360, 14
1126, 136, 0, 1, 0, 0, 0.00%, 1, 0, 1, 158.84, 188170, 14
1131, 137, 0, 1, 0, 0, 0.00%, 1, 0, 1, 148.62, 188929, 14
1137, 138, 0, 1, 0, 0, 0.00%, 1, 0, 1, 158.19, 189736, 14
1142, 138, 0, 1, 0, 0, 0.00%, 1, 0, 1, 161.77, 190567, 14
1147, 139, 0, 1, 0, 0, 0.00%, 1, 0, 1, 171.96, 191476, 14
1152, 139, 0, 1, 0, 0, 0.00%, 1, 0, 1, 167.55, 192328, 14
1157, 140, 0, 1, 0, 0, 0.00%, 1, 0, 1, 166.44, 193198, 14
1162, 141, 0, 1, 0, 0, 0.00%, 1, 0, 1, 157.95, 193975, 14
1167, 141, 0, 1, 0, 0, 0.00%, 1, 0, 1, 161.28, 194785, 14
1172, 142, 0, 1, 0, 0, 0.00%, 1, 0, 1, 165.16, 195640, 14
1177, 143, 0, 1, 0, 0, 0.00%, 1, 0, 1, 166.77, 196510, 14
1183, 143, 0, 1, 0, 0, 0.00%, 1, 0, 1, 154.92, 197299, 14
1188, 144, 0, 1, 0, 0, 0.00%, 1, 0, 1, 154.69, 198112, 14
1193, 144, 0, 1, 0, 0, 0.00%, 1, 0, 1, 163.45, 198955, 14
1198, 145, 0, 1, 0, 0, 0.00%, 1, 0, 1, 162.06, 199729, 14
1203, 145, 0, 1, 0, 0, 0.00%, 1, 0, 1, 168.44, 200593, 14
1208, 146, 0, 1, 0, 0, 0.00%, 1, 0, 1, 178.05, 201484, 14
1213, 147, 0, 1, 0, 0, 0.00%, 1, 0, 1, 169.11, 202318, 14
1218, 147, 0, 1, 0, 0, 0.00%, 1, 0, 1, 172.06, 203167, 14
1223, 148, 0, 1, 0, 0, 0.00%, 1, 0, 1, 157.79, 203977, 14
1228, 149, 0, 1, 0, 0, 0.00%, 1, 0, 1, 165.39, 204796, 14
1233, 149, 0, 1, 0, 0, 0.00%, 1, 0, 1, 172.38, 205633, 14
1239, 150, 0, 1, 0, 0, 0.00%, 1, 0, 1, 169.03, 206485, 14
1244, 150, 0, 1, 0, 0, 0.00%, 1, 0, 1, 159.32, 207322, 14
1249, 151, 0, 1, 0, 0, 0.00%, 1, 0, 1, 153.68, 208093, 14
1254, 152, 0, 1, 0, 0, 0.00%, 1, 0, 1, 155.13, 208882, 14
1259, 152, 0, 1, 0, 0, 0.00%, 1, 0, 1, 189.72, 209860, 14
1264, 153, 0, 1, 0, 0, 0.00%, 1, 0, 1, 194.34, 210868, 14
1269, 154, 0, 1, 0, 0, 0.00%, 1, 0, 1, 194.74, 211867, 14
1274, 154, 0, 1, 0, 0, 0.00%, 1, 0, 1, 192.89, 212860, 14
1280, 155, 0, 1, 0, 0, 0.00%, 1, 0, 1, 194.19, 213862, 14
1285, 156, 0, 1, 0, 0, 0.00%, 1, 0, 1, 188.57, 214822, 14
1290, 157, 0, 1, 0, 0, 0.00%, 1, 0, 1, 200.35, 215860, 14
1295, 157, 0, 1, 0, 0, 0.00%, 1, 0, 1, 183.74, 216832, 14
1300, 158, 0, 1, 0, 0, 0.00%, 1, 0, 1, 193.19, 217822, 14
1305, 159, 0, 1, 0, 0, 0.00%, 1, 0, 1, 206.41, 218866, 14
1310, 159, 0, 1, 0, 0, 0.00%, 1, 0, 1, 196.73, 219862, 14
1315, 160, 0, 1, 0, 0, 0.00%, 1, 0, 1, 165.55, 220693, 14
1320, 161, 0, 1, 0, 0, 0.00%, 1, 0, 1, 165.95, 221503, 14
1326, 161, 0, 1, 0, 0, 0.00%, 1, 0, 1, 155.46, 222259, 14
1331, 162, 0, 1, 0, 0, 0.00%, 1, 0, 1, 140.72, 222975, 14
1336, 162, 0, 1, 0, 0, 0.00%, 1, 0, 1, 136.78, 223691, 14
1341, 163, 0, 1, 0, 0, 0.00%, 1, 0, 1, 165.79, 224539, 14
1346, 163, 0, 1, 0, 0, 0.00%, 1, 0, 1, 166.64, 225373, 14
1351, 164, 0, 1, 0, 0, 0.00%, 1, 0, 1, 139.99, 226032, 14
1356, 165, 0, 1, 0, 0, 0.00%, 1, 0, 1, 150.73, 226795, 14
1361, 165, 0, 1, 0, 0, 0.00%, 1, 0, 1, 154.89, 227575, 14
1366, 166, 0, 1, 0, 0, 0.00%, 1, 0, 1, 161.66, 228412, 14
1371, 166, 0, 1, 0, 0, 0.00%, 1, 0, 1, 160.98, 229237, 14
1376, 167, 0, 1, 0, 0, 0.00%, 1, 0, 1, 172.66, 230113, 14
1381, 167, 0, 1, 0, 0, 0.00%, 1, 0, 1, 162.02, 230896, 14
1386, 168, 0, 1, 0, 0, 0.00%, 1, 0, 1, 162.23, 231712, 14
1392, 169, 0, 1, 0, 0, 0.00%, 1, 0, 1, 153.66, 232471, 14
1397, 169, 0, 1, 0, 0, 0.00%, 1, 0, 1, 155.87, 233242, 14
1402, 170, 0, 1, 0, 0, 0.00%, 1, 0, 1, 160.93, 234079, 14
1407, 170, 0, 1, 0, 0, 0.00%, 1, 0, 1, 157.29, 234853, 14
1412, 171, 0, 1, 0, 0, 0.00%, 1, 0, 1, 162.85, 235711, 14
1417, 172, 0, 1, 0, 0, 0.00%, 1, 0, 1, 160.87, 236503, 14
1422, 172, 0, 1, 0, 0, 0.00%, 1, 0, 1, 164.73, 237334, 14
1427, 173, 0, 1, 0, 0, 0.00%, 1, 0, 1, 156.79, 238117, 14
1432, 173, 0, 1, 0, 0, 0.00%, 1, 0, 1, 175.32, 239068, 14
1437, 174, 0, 1, 0, 0, 0.00%, 1, 0, 1, 169.21, 239935, 14
1442, 175, 0, 1, 0, 0, 0.00%, 1, 0, 1, 182.69, 240844, 14
1447, 175, 0, 1, 0, 0, 0.00%, 1, 0, 1, 189.25, 241810, 14
1453, 176, 0, 1, 0, 0, 0.00%, 1, 0, 1, 208.08, 242897, 14
1458, 177, 0, 1, 0, 0, 0.00%, 1, 0, 1, 202.28, 243907, 14
1463, 178, 0, 1, 0, 0, 0.00%, 1, 0, 1, 216.83, 245037, 14
1468, 178, 0, 1, 0, 0, 0.00%, 1, 0, 1, 163.44, 245815, 14
1473, 179, 0, 1, 0, 0, 0.00%, 1, 0, 1, 152.78, 246571, 14
1478, 180, 0, 1, 0, 0, 0.00%, 1, 0, 1, 173.45, 247432, 14
1483, 180, 0, 1, 0, 0, 0.00%, 1, 0, 1, 174.38, 248383, 14
1488, 181, 0, 1, 0, 0, 0.00%, 1, 0, 1, 131.56, 248984, 14
1493, 181, 0, 1, 0, 0, 0.00%, 1, 0, 1, 125.50, 249619, 14
1499, 182, 0, 1, 0, 0, 0.00%, 1, 0, 1, 145.95, 250375, 14
1504, 182, 0, 1, 0, 0, 0.00%, 1, 0, 1, 156.80, 251167, 14
1509, 183, 0, 1, 0, 0, 0.00%, 1, 0, 1, 160.14, 251983, 14
1514, 183, 0, 1, 0, 0, 0.00%, 1, 0, 1, 156.15, 252790, 14
1519, 184, 0, 1, 0, 0, 0.00%, 1, 0, 1, 159.69, 253582, 14
1524, 185, 0, 1, 0, 0, 0.00%, 1, 0, 1, 157.39, 254353, 14
1529, 185, 0, 1, 0, 0, 0.00%, 1, 0, 1, 176.04, 255265, 14
1534, 186, 0, 1, 0, 0, 0.00%, 1, 0, 1, 152.99, 256036, 14
1539, 186, 0, 1, 0, 0, 0.00%, 1, 0, 1, 159.74, 256837, 14
1544, 187, 0, 1, 0, 0, 0.00%, 1, 0, 1, 157.61, 257641, 14
1550, 187, 0, 1, 0, 0, 0.00%, 1, 0, 1, 156.55, 258430, 14
1555, 188, 0, 1, 0, 0, 0.00%, 1, 0, 1, 156.89, 259225, 14
1560, 189, 0, 1, 0, 0, 0.00%, 1, 0, 1, 151.43, 260008, 14
1565, 189, 0, 1, 0, 0, 0.00%, 1, 0, 1, 154.98, 260815, 14
1570, 190, 0, 1, 0, 0, 0.00%, 1, 0, 1, 171.91, 261706, 14
1575, 191, 0, 1, 0, 0, 0.00%, 1, 0, 1, 177.37, 262615, 14
1580, 191, 0, 1, 0, 0, 0.00%, 1, 0, 1, 159.44, 263398, 14
1585, 192, 0, 1, 0, 0, 0.00%, 1, 0, 1, 180.55, 264337, 14
1591, 192, 0, 1, 0, 0, 0.00%, 1, 0, 1, 181.94, 265282, 14
1596, 193, 0, 1, 0, 0, 0.00%, 1, 0, 1, 156.76, 266056, 14
1601, 194, 0, 1, 0, 0, 0.00%, 1, 0, 1, 177.50, 266941, 14
1606, 194, 0, 1, 0, 0, 0.00%, 1, 0, 1, 177.64, 267844, 14
1611, 195, 0, 1, 0, 0, 0.00%, 1, 0, 1, 166.82, 268714, 14
1616, 196, 0, 1, 0, 0, 0.00%, 1, 0, 1, 149.03, 269457, 14
1621, 196, 0, 1, 0, 0, 0.00%, 1, 0, 1, 155.52, 270277, 14
1626, 197, 0, 1, 0, 0, 0.00%, 1, 0, 1, 148.71, 270998, 14
1631, 197, 0, 1, 0, 0, 0.00%, 1, 0, 1, 117.68, 271551, 14
1636, 198, 0, 1, 0, 0, 0.00%, 1, 0, 1, 137.96, 272297, 14
1642, 198, 0, 1, 0, 0, 0.00%, 1, 0, 1, 126.08, 272930, 14
1647, 198, 0, 1, 0, 0, 0.00%, 1, 0, 1, 117.28, 273531, 14
1652, 199, 0, 1, 0, 0, 0.00%, 1, 0, 1, 133.92, 274231, 14
1657, 199, 0, 1, 0, 0, 0.00%, 1, 0, 1, 143.69, 274950, 14
1662, 200, 0, 1, 0, 0, 0.00%, 1, 0, 1, 158.23, 275767, 14
1667, 201, 0, 1, 0, 0, 0.00%, 1, 0, 1, 151.32, 276568, 14
1672, 201, 0, 1, 0, 0, 0.00%, 1, 0, 1, 161.38, 277387, 14
1678, 202, 0, 1, 0, 0, 0.00%, 1, 0, 1, 168.86, 278287, 14
1683, 203, 0, 1, 0, 0, 0.00%, 1, 0, 1, 163.24, 279103, 14
1688, 203, 0, 1, 0, 0, 0.00%, 1, 0, 1, 164.19, 279940, 14
1693, 204, 0, 1, 0, 0, 0.00%, 1, 0, 1, 161.24, 280765, 14
1698, 204, 0, 1, 0, 0, 0.00%, 1, 0, 1, 178.09, 281677, 14
1703, 205, 0, 1, 0, 0, 0.00%, 1, 0, 1, 170.66, 282589, 14
1708, 206, 0, 1, 0, 0, 0.00%, 1, 0, 1, 157.04, 283354, 14
1713, 206, 0, 1, 0, 0, 0.00%, 1, 0, 1, 167.19, 284191, 14
1719, 207, 0, 1, 0, 0, 0.00%, 1, 0, 1, 175.77, 285100, 14
1724, 207, 0, 1, 0, 0, 0.00%, 1, 0, 1, 150.37, 285832, 14
1729, 208, 0, 1, 0, 0, 0.00%, 1, 0, 1, 164.70, 286708, 14
1734, 209, 0, 1, 0, 0, 0.00%, 1, 0, 1, 156.13, 287509, 14
1739, 209, 0, 1, 0, 0, 0.00%, 1, 0, 1, 153.33, 288301, 14
1744, 210, 0, 1, 0, 0, 0.00%, 1, 0, 1, 169.77, 289213, 14
1749, 210, 0, 1, 0, 0, 0.00%, 1, 0, 1, 159.33, 289990, 14
1754, 211, 0, 1, 0, 0, 0.00%, 1, 0, 1, 148.67, 290749, 14
1760, 212, 0, 1, 0, 0, 0.00%, 1, 0, 1, 159.60, 291574, 14
1765, 212, 0, 1, 0, 0, 0.00%, 1, 0, 1, 152.87, 292408, 14
1770, 213, 0, 1, 0, 0, 0.00%, 1, 0, 1, 177.94, 293326, 14
1775, 213, 0, 1, 0, 0, 0.00%, 1, 0, 1, 157.62, 294121, 14
1780, 214, 0, 1, 0, 0, 0.00%, 1, 0, 1, 167.86, 294982, 14
1785, 215, 0, 1, 0, 0, 0.00%, 1, 0, 1, 186.98, 295954, 14
1790, 216, 0, 1, 0, 0, 0.00%, 1, 0, 1, 198.73, 297007, 14
1796, 216, 0, 1, 0, 0, 0.00%, 1, 0, 1, 199.81, 298021, 14
1801, 217, 0, 1, 0, 0, 0.00%, 1, 0, 1, 201.61, 299035, 14
1806, 218, 0, 1, 0, 0, 0.00%, 1, 0, 1, 202.46, 300041, 14
1811, 218, 0, 1, 0, 0, 0.00%, 1, 0, 1, 202.59, 301075, 14
1816, 219, 0, 1, 0, 0, 0.00%, 1, 0, 1, 193.02, 302059, 14
1821, 220, 0, 1, 0, 0, 0.00%, 1, 0, 1, 162.10, 302833, 14
1826, 221, 0, 1, 0, 0, 0.00%, 1, 0, 1, 201.82, 303940, 14
1831, 221, 0, 1, 0, 0, 0.00%, 1, 0, 1, 215.33, 305034, 14
1836, 222, 0, 1, 0, 0, 0.00%, 1, 0, 1, 202.19, 306072, 14
1841, 223, 0, 1, 0, 0, 0.00%, 1, 0, 1, 204.36, 307133, 14
1847, 224, 0, 1, 0, 0, 0.00%, 1, 0, 1, 185.07, 308083, 14
1852, 224, 0, 1, 0, 0, 0.00%, 1, 0, 1, 175.74, 308995, 14
1857, 225, 0, 1, 0, 0, 0.00%, 1, 0, 1, 167.19, 309856, 14
1862, 225, 0, 1, 0, 0, 0.00%, 1, 0, 1, 161.09, 310645, 14
1867, 226, 0, 1, 0, 0, 0.00%, 1, 0, 1, 158.71, 311452, 14
1872, 227, 0, 1, 0, 0, 0.00%, 1, 0, 1, 167.16, 312313, 14
1877, 227, 0, 1, 0, 0, 0.00%, 1, 0, 1, 183.61, 313252, 14
1883, 228, 0, 1, 0, 0, 0.00%, 1, 0, 1, 204.11, 314342, 14
1888, 229, 0, 1, 0, 0, 0.00%, 1, 0, 1, 202.35, 315383, 14
1893, 230, 0, 1, 0, 0, 0.00%, 1, 0, 1, 188.52, 316318, 14
1898, 230, 0, 1, 0, 0, 0.00%, 1, 0, 1, 177.59, 317257, 14
1903, 231, 0, 1, 0, 0, 0.00%, 1, 0, 1, 192.66, 318292, 14
1908, 232, 0, 1, 0, 0, 0.00%, 1, 0, 1, 160.30, 319084, 14
1913, 232, 0, 1, 0, 0, 0.00%, 1, 0, 1, 141.28, 319786, 14
1916, 232, 0, 1, 0, 0, 0.00%, 1, 0, 1, 119.78, 320039, 14
